{
 "cells": [
  {
   "cell_type": "code",
   "execution_count": 2,
   "id": "7cb91c08",
   "metadata": {},
   "outputs": [
    {
     "name": "stdout",
     "output_type": "stream",
     "text": [
      "Uncorrelated Unconditional Signals Covariance\n",
      "ComplexF64[0.9974212393214446 + 0.0im -0.06316568477829823 - 0.28485425602901177im 0.7137122455203505 - 0.399944228620677im -0.5179522176440348 - 0.5670259253789934im; -0.06316568477829823 + 0.28485425602901177im 1.0011523398433322 + 0.0im -0.06117726182034318 - 0.2792786314211605im 0.7219394313460625 - 0.3998061224002607im; 0.7137122455203505 + 0.399944228620677im -0.06117726182034318 + 0.2792786314211605im 0.9950420827920996 + 0.0im -0.05890014333293875 - 0.281751149335276im; -0.5179522176440348 + 0.5670259253789934im 0.7219394313460625 + 0.3998061224002607im -0.05890014333293875 + 0.281751149335276im 1.002832383509121 + 0.0im]\n",
      "\n",
      "Uncorrelated Unconditional Signals DOA Estimate\n",
      "[80.00033138478078, 10.007674714826715]\n",
      "\n",
      "Partly Correlated Unconditional Signals Covariance\n",
      "ComplexF64[0.38758468342393937 + 0.0im 0.0940396458189988 + 0.3607291258321737im 0.5222542772699493 - 0.28532945240949203im 0.017820891682746726 + 0.017481585731702245im; 0.0940396458189988 - 0.3607291258321737im 1.2463399693434338 + 0.0im -0.26763100523769195 - 1.059161628476438im 0.5233426943604707 - 0.28481532437060963im; 0.5222542772699493 + 0.28532945240949203im -0.26763100523769195 + 1.059161628476438im 1.2414530926927922 + 0.0im 0.09216574074992712 + 0.359836305944745im; 0.017820891682746726 - 0.017481585731702245im 0.5233426943604707 + 0.28481532437060963im 0.09216574074992712 - 0.359836305944745im 0.3874336333197274 + 0.0im]\n",
      "\n",
      "Partly Correlated Unconditional Signals DOA Estimate\n",
      "[10.043331233090566, 80.04669577272216]\n",
      "\n",
      "Fully Correlated Unconditional Signals Covariance\n",
      "ComplexF64[0.23583341866323082 + 0.0im 0.13710502840077143 + 0.5243031388279954im 0.4734605617325684 - 0.2625494223243887im 0.1547252496722986 + 0.16403887022655875im; 0.13710502840077143 - 0.5243031388279954im 1.310164871999128 + 0.0im -0.32202591598044233 - 1.2585245264643719im 0.4744535246787491 - 0.2593317418787578im; 0.4734605617325684 + 0.2625494223243887im -0.32202591598044233 + 1.2585245264643719im 1.3078043368078325 + 0.0im 0.13331004572528188 + 0.5234130934659361im; 0.1547252496722986 - 0.16403887022655875im 0.4744535246787491 + 0.2593317418787578im 0.13331004572528188 - 0.5234130934659361im 0.2347624652133422 + 0.0im]\n",
      "\n",
      "Fully Correlated Unconditional Signals DOA Estimate\n",
      "[144.91032131897663, 90.50119132596413]\n",
      "\n",
      "Conditional Signals Covariance\n",
      "ComplexF64[1.0130903520102976 + 0.0im -0.07264696993458936 - 0.2825901829744247im 0.7296272256451679 - 0.397735940484333im -0.5266572908105177 - 0.567996116473866im; -0.07264696993458936 + 0.2825901829744247im 1.010287305245372 + 0.0im -0.0729349656439631 - 0.2848022564088191im 0.7280855391176527 - 0.395495481513334im; 0.7296272256451679 + 0.397735940484333im -0.0729349656439631 + 0.2848022564088191im 1.0116810626439814 + 0.0im -0.07091839520759549 - 0.2800031751028998im; -0.5266572908105177 + 0.567996116473866im 0.7280855391176527 + 0.395495481513334im -0.07091839520759549 + 0.2800031751028998im 1.0056481701815394 + 0.0im]\n",
      "\n",
      "Conditional Signals DOA Estimate\n",
      "[80.00555149393831, 10.1658705757101]\n",
      "\n"
     ]
    }
   ],
   "source": [
    "using BeamLib: IsotropicArray, steer, esprit, unconditional_signals\n",
    "using LinearAlgebra\n",
    "using StatsBase\n",
    "\n",
    "fc = 150e6\n",
    "\n",
    "# Spacing:  1m is λ/2 for 150MHz \n",
    "# Oriented along yaxis to match Matlab behavior\n",
    "#        subarray 1:  x    x   x   -\n",
    "#        subarray 2:  -    x   x   x\n",
    "pa = IsotropicArray([-1.5 -0.5 0.5 1.5])\n",
    "Δ = [1, 0, 0]\n",
    "\n",
    "Θ = deg2rad.([10, 80])\n",
    "d = length(Θ)\n",
    "\n",
    "A = steer(pa, fc, Θ')\n",
    "\n",
    "# uncorrelated unconditional/stochastic signals\n",
    "Rss = [1 0; 0 1]\n",
    "N = Int(8e3)\n",
    "s = unconditional_signals(Rss, N)\n",
    "n = (0.1/sqrt(2))*(randn(length(pa), N) + 1im*randn(length(pa), N))\n",
    "x = A*s + n\n",
    "Z = [x[1:3,:]; x[2:4,:]]\n",
    "Rzz = 1/size(Z, 2) * Z*Z'\n",
    "\n",
    "println(\"Uncorrelated Unconditional Signals Covariance\")\n",
    "println(x*x'/N)\n",
    "println(\"\")\n",
    "\n",
    "println(\"Uncorrelated Unconditional Signals DOA Estimate\")\n",
    "Θest = esprit(Rzz, Δ, d, fc)\n",
    "println(rad2deg.(Θest))\n",
    "println(\"\")\n",
    "\n",
    "# partly correlated unconditional/stochastic signals\n",
    "Rss = [1 0.8; 0.8 1]\n",
    "N = Int(8e3)\n",
    "s = unconditional_signals(Rss, N)\n",
    "n = (0.1/sqrt(2))*(randn(length(pa), N) + 1im*randn(length(pa), N))\n",
    "x = A*s + n\n",
    "Z = [x[1:3,:]; x[2:4,:]]\n",
    "Rzz = 1/size(Z)[2] * Z*Z'\n",
    "\n",
    "println(\"Partly Correlated Unconditional Signals Covariance\")\n",
    "println(x*x'/N)\n",
    "println(\"\")\n",
    "\n",
    "println(\"Partly Correlated Unconditional Signals DOA Estimate\")\n",
    "Θest = esprit(Rzz, Δ, d, fc)\n",
    "println(rad2deg.(Θest))\n",
    "println(\"\")\n",
    "\n",
    "\n",
    "# fully correlated unconditional/stochastic signals\n",
    "Rss = [1 1; 1 1]\n",
    "N = Int(8e3)\n",
    "s = unconditional_signals(Rss, N)\n",
    "n = (0.1/sqrt(2))*(randn(length(pa), N) + 1im*randn(length(pa), N))\n",
    "x = A*s + n\n",
    "Z = [x[1:3,:]; x[2:4,:]]\n",
    "Rzz = 1/size(Z)[2] * Z*Z'\n",
    "\n",
    "println(\"Fully Correlated Unconditional Signals Covariance\")\n",
    "println(x*x'/N)\n",
    "println(\"\")\n",
    "\n",
    "println(\"Fully Correlated Unconditional Signals DOA Estimate\")\n",
    "Θest = esprit(Rzz, Δ, d, fc)\n",
    "println(rad2deg.(Θest))\n",
    "println(\"\")\n",
    "\n",
    "# conditional/deterministic signals\n",
    "fs = 8e3\n",
    "t = transpose(0:1/fs:1)\n",
    "s1 = sin.(2π*t*300)\n",
    "s2 = cos.(2π*t*400)\n",
    "s = [s1; s2]\n",
    "n = (0.1/sqrt(2))*(randn(length(pa), length(t)) + 1im*randn(length(pa), length(t)))\n",
    "x = A*s + n\n",
    "Z = [x[1:3,:]; x[2:4,:]]\n",
    "Rzz = 1/size(Z)[2] * Z*Z'\n",
    "\n",
    "println(\"Conditional Signals Covariance\")\n",
    "println(x*x'/N)\n",
    "println(\"\")\n",
    "\n",
    "println(\"Conditional Signals DOA Estimate\")\n",
    "Θest = esprit(Rzz, Δ, d, fc)\n",
    "println(rad2deg.(Θest))\n",
    "println(\"\")"
   ]
  }
 ],
 "metadata": {
  "kernelspec": {
   "display_name": "Julia 1.11.5",
   "language": "julia",
   "name": "julia-1.11"
  },
  "language_info": {
   "file_extension": ".jl",
   "mimetype": "application/julia",
   "name": "julia",
   "version": "1.11.5"
  }
 },
 "nbformat": 4,
 "nbformat_minor": 5
}
