{
 "cells": [
  {
   "cell_type": "code",
   "execution_count": 1,
   "id": "7cb91c08",
   "metadata": {},
   "outputs": [
    {
     "name": "stdout",
     "output_type": "stream",
     "text": [
      "Uncorrelated Unconditional Signals Covariance\n",
      "ComplexF64[1.0090364631352777 + 0.0im -0.07363773402321451 - 0.2883205157886257im 0.7263417722725012 - 0.39659421596040983im -0.5311377172124363 - 0.5684340607782802im; -0.07363773402321451 + 0.2883205157886257im 0.999350151297594 + 0.0im -0.06940731600943656 - 0.2722772024853292im 0.7242253279313122 - 0.3963482309183473im; 0.7263417722725012 + 0.39659421596040983im -0.06940731600943656 + 0.2722772024853292im 1.004656605687888 + 0.0im -0.07413568528607266 - 0.28696642890541324im; -0.5311377172124363 + 0.5684340607782802im 0.7242253279313122 + 0.3963482309183473im -0.07413568528607266 + 0.28696642890541324im 1.0075910366772374 + 0.0im]\n",
      "\n",
      "Uncorrelated Unconditional Signals DOA Estimate\n",
      "[79.94216523728655, 10.01531372067254]\n",
      "\n",
      "Partly Correlated Unconditional Signals Covariance\n",
      "ComplexF64[0.3961577525455011 + 0.0im 0.09342728880248509 + 0.37460909514692153im 0.5354677535564082 - 0.291921244721209im 0.019619304571969323 + 0.022144016831304434im; 0.09342728880248509 - 0.37460909514692153im 1.2882956423766514 + 0.0im -0.2834629522376515 - 1.0954969498122837im 0.5417542978861444 - 0.2984569842523895im; 0.5354677535564082 + 0.291921244721209im -0.2834629522376515 + 1.0954969498122837im 1.2781190185859468 + 0.0im 0.09674899937622292 + 0.37884474775919824im; 0.019619304571969323 - 0.022144016831304434im 0.5417542978861444 + 0.2984569842523895im 0.09674899937622292 - 0.37884474775919824im 0.40156101976797776 + 0.0im]\n",
      "\n",
      "Partly Correlated Unconditional Signals DOA Estimate\n",
      "[10.007056326140695, 80.1659742391338]\n",
      "\n",
      "Fully Correlated Unconditional Signals Covariance\n",
      "ComplexF64[0.23681187697184164 + 0.0im 0.13615242148578466 + 0.5250048612088667im 0.4755885233054641 - 0.2617460835911732im 0.15487179382464983 + 0.16515753777718797im; 0.13615242148578466 - 0.5250048612088667im 1.3074921264459842 + 0.0im -0.32049396712476 - 1.2587084116689577im 0.47525895072659247 - 0.2596724125630834im; 0.4755885233054641 + 0.2617460835911732im -0.32049396712476 + 1.2587084116689577im 1.3102067245715525 + 0.0im 0.13446337438024858 + 0.5253786353484838im; 0.15487179382464983 - 0.16515753777718797im 0.47525895072659247 + 0.2596724125630834im 0.13446337438024858 - 0.5253786353484838im 0.23590913174724795 + 0.0im]\n",
      "\n",
      "Fully Correlated Unconditional Signals DOA Estimate\n",
      "[-54.3619995048246, -1.1159070374630466]\n",
      "\n",
      "Conditional Signals Covariance\n",
      "ComplexF64[1.0081447039669469 + 0.0im -0.07296867595633329 - 0.28220839256746444im 0.7272911088650265 - 0.3969085349788059im -0.5294336694164669 - 0.5654249414571252im; -0.07296867595633329 + 0.28220839256746444im 1.0107952036718184 + 0.0im -0.07432103698186837 - 0.2831181070765623im 0.7265751193476242 - 0.3983321826288984im; 0.7272911088650265 + 0.3969085349788059im -0.07432103698186837 + 0.2831181070765623im 1.0099425451831767 + 0.0im -0.0738419326030835 - 0.28153581398153327im; -0.5294336694164669 + 0.5654249414571252im 0.7265751193476242 + 0.3983321826288984im -0.0738419326030835 + 0.28153581398153327im 1.0071654530178535 + 0.0im]\n",
      "\n",
      "Conditional Signals DOA Estimate\n",
      "[79.9387486839868, 10.028047082761114]\n",
      "\n"
     ]
    }
   ],
   "source": [
    "using BeamLib: IsotropicArray, steerphi, esprit, unconditional_signals\n",
    "using LinearAlgebra\n",
    "\n",
    "fc = 150e6\n",
    "\n",
    "# Spacing:  1m is λ/2 for 150MHz \n",
    "# Oriented along yaxis to match Matlab behavior\n",
    "#        subarray 1:  x    x   x   -\n",
    "#        subarray 2:  -    x   x   x\n",
    "pa = IsotropicArray([0 0 0 0;\n",
    "                    -1.5 -0.5 0.5 1.5])\n",
    "Δ = 1\n",
    "\n",
    "Θ = deg2rad.([10, 80])\n",
    "d = length(Θ)\n",
    "\n",
    "A = reduce(hcat,steerphi.(Ref(pa), Ref(fc), Θ))\n",
    "\n",
    "# uncorrelated unconditional/stochastic signals\n",
    "Rss = [1 0; 0 1]\n",
    "N = Int(8e3)\n",
    "s = unconditional_signals(Rss, N)\n",
    "n = (0.1/sqrt(2))*(randn(length(pa), N) + 1im*randn(length(pa), N))\n",
    "x = A*s + n\n",
    "Z = [x[1:3,:]; x[2:4,:]]\n",
    "Rzz = 1/size(Z)[2] * Z*Z'\n",
    "\n",
    "println(\"Uncorrelated Unconditional Signals Covariance\")\n",
    "println(x*x'/N)\n",
    "println(\"\")\n",
    "\n",
    "println(\"Uncorrelated Unconditional Signals DOA Estimate\")\n",
    "Θest = esprit(Rzz, Δ, d, fc)\n",
    "println(rad2deg.(Θest))\n",
    "println(\"\")\n",
    "\n",
    "# partly correlated unconditional/stochastic signals\n",
    "Rss = [1 0.8; 0.8 1]\n",
    "N = Int(8e3)\n",
    "s = unconditional_signals(Rss, N)\n",
    "n = (0.1/sqrt(2))*(randn(length(pa), N) + 1im*randn(length(pa), N))\n",
    "x = A*s + n\n",
    "Z = [x[1:3,:]; x[2:4,:]]\n",
    "Rzz = 1/size(Z)[2] * Z*Z'\n",
    "\n",
    "println(\"Partly Correlated Unconditional Signals Covariance\")\n",
    "println(x*x'/N)\n",
    "println(\"\")\n",
    "\n",
    "println(\"Partly Correlated Unconditional Signals DOA Estimate\")\n",
    "Θest = esprit(Rzz, Δ, d, fc)\n",
    "println(rad2deg.(Θest))\n",
    "println(\"\")\n",
    "\n",
    "\n",
    "# fully correlated unconditional/stochastic signals\n",
    "Rss = [1 1; 1 1]\n",
    "N = Int(8e3)\n",
    "s = unconditional_signals(Rss, N)\n",
    "n = (0.1/sqrt(2))*(randn(length(pa), N) + 1im*randn(length(pa), N))\n",
    "x = A*s + n\n",
    "Z = [x[1:3,:]; x[2:4,:]]\n",
    "Rzz = 1/size(Z)[2] * Z*Z'\n",
    "\n",
    "println(\"Fully Correlated Unconditional Signals Covariance\")\n",
    "println(x*x'/N)\n",
    "println(\"\")\n",
    "\n",
    "println(\"Fully Correlated Unconditional Signals DOA Estimate\")\n",
    "Θest = esprit(Rzz, Δ, d, fc)\n",
    "println(rad2deg.(Θest))\n",
    "println(\"\")\n",
    "\n",
    "# conditional/deterministic signals\n",
    "fs = 8e3\n",
    "t = transpose(0:1/fs:1)\n",
    "s1 = sin.(2π*t*300)\n",
    "s2 = cos.(2π*t*400)\n",
    "s = [s1; s2]\n",
    "n = (0.1/sqrt(2))*(randn(length(pa), length(t)) + 1im*randn(length(pa), length(t)))\n",
    "x = A*s + n\n",
    "Z = [x[1:3,:]; x[2:4,:]]\n",
    "Rzz = 1/size(Z)[2] * Z*Z'\n",
    "\n",
    "println(\"Conditional Signals Covariance\")\n",
    "println(x*x'/N)\n",
    "println(\"\")\n",
    "\n",
    "println(\"Conditional Signals DOA Estimate\")\n",
    "Θest = esprit(Rzz, Δ, d, fc)\n",
    "println(rad2deg.(Θest))\n",
    "println(\"\")"
   ]
  }
 ],
 "metadata": {
  "kernelspec": {
   "display_name": "Julia 1.11.5",
   "language": "julia",
   "name": "julia-1.11"
  },
  "language_info": {
   "file_extension": ".jl",
   "mimetype": "application/julia",
   "name": "julia",
   "version": "1.11.5"
  }
 },
 "nbformat": 4,
 "nbformat_minor": 5
}
