{
 "cells": [
  {
   "cell_type": "code",
   "execution_count": 1,
   "id": "7cb91c08",
   "metadata": {},
   "outputs": [
    {
     "name": "stdout",
     "output_type": "stream",
     "text": [
      "Uncorrelated Unconditional Signals Covariance\n",
      "ComplexF64[1.0251025975149617 + 0.0im -0.06453845175887209 - 0.27455127665466067im 0.7439215219391179 - 0.4093000130103818im -0.5277979151701991 - 0.5727330582619367im; -0.06453845175887209 + 0.27455127665466067im 1.006361908991037 + 0.0im -0.06836514741034608 - 0.28986295911876747im 0.7200779924493744 - 0.39727309458996596im; 0.7439215219391179 + 0.4093000130103818im -0.06836514741034608 + 0.28986295911876747im 1.0303893378317337 + 0.0im -0.06845397705000977 - 0.2912911395236189im; -0.5277979151701991 + 0.5727330582619367im 0.7200779924493744 + 0.39727309458996596im -0.06845397705000977 + 0.2912911395236189im 1.0076208128517914 + 0.0im]\n",
      "\n",
      "Uncorrelated Unconditional Signals DOA Estimate\n",
      "[79.99991441006162, 10.071473272792518]\n",
      "\n",
      "Partly Correlated Unconditional Signals Covariance\n",
      "ComplexF64[0.3973600479226891 + 0.0im 0.09487208744769333 + 0.36823378317276073im 0.5350212666346675 - 0.292838284612041im 0.017314026557798526 + 0.018018172088532743im; 0.09487208744769333 - 0.36823378317276073im 1.2424092113042005 + 0.0im -0.2715045902818541 - 1.0661353317591253im 0.5183562598842039 - 0.28515559204722957im; 0.5350212666346675 + 0.292838284612041im -0.2715045902818541 + 1.0661353317591253im 1.263227162949424 + 0.0im 0.09299393527762423 + 0.35845581105928614im; 0.017314026557798526 - 0.018018172088532743im 0.5183562598842039 + 0.28515559204722957im 0.09299393527762423 - 0.35845581105928614im 0.3856272493644003 + 0.0im]\n",
      "\n",
      "Partly Correlated Unconditional Signals DOA Estimate\n",
      "[80.01026134355807, 9.806069329451551]\n",
      "\n",
      "Fully Correlated Unconditional Signals Covariance\n",
      "ComplexF64[0.2375830140984108 + 0.0im 0.13438119067971038 + 0.5282884047316667im 0.478952867523905 - 0.26027335920882494im 0.15438412110177865 + 0.16651722934704838im; 0.13438119067971038 - 0.5282884047316667im 1.3169861114300854 + 0.0im -0.3218792318171075 - 1.267135727256225im 0.4781689619312758 - 0.2602186492206699im; 0.478952867523905 + 0.26027335920882494im -0.3218792318171075 + 1.267135727256225im 1.3174257251568848 + 0.0im 0.1346602613459489 + 0.527537076209256im; 0.15438412110177865 - 0.16651722934704838im 0.4781689619312758 + 0.2602186492206699im 0.1346602613459489 - 0.527537076209256im 0.2368111603567342 + 0.0im]\n",
      "\n",
      "Fully Correlated Unconditional Signals DOA Estimate\n",
      "[91.44029946070395, 145.96064627534483]\n",
      "\n",
      "Conditional Signals Covariance\n",
      "ComplexF64[1.0071832689930267 + 0.0im -0.07226016692080027 - 0.2813710290278651im 0.7262341197036544 - 0.3966647132003591im -0.5285670968571412 - 0.5671893242028548im; -0.07226016692080027 + 0.2813710290278651im 1.0085441673190862 + 0.0im -0.07228481752020073 - 0.28391293570464554im 0.7290268811135159 - 0.3977192108411212im; 0.7262341197036544 + 0.3966647132003591im -0.07228481752020073 + 0.28391293570464554im 1.0086538114295418 + 0.0im -0.07166625017465585 - 0.2810890889991056im; -0.5285670968571412 + 0.5671893242028548im 0.7290268811135159 + 0.3977192108411212im -0.07166625017465585 + 0.2810890889991056im 1.0127129547376665 + 0.0im]\n",
      "\n",
      "Conditional Signals DOA Estimate\n",
      "[79.99377374039003, 10.083398618994982]\n",
      "\n"
     ]
    }
   ],
   "source": [
    "using BeamLib: IsotropicArray, steer, esprit, unconditional_signals\n",
    "using LinearAlgebra\n",
    "using StatsBase\n",
    "\n",
    "fc = 150e6\n",
    "\n",
    "# Spacing:  1m is λ/2 for 150MHz \n",
    "# Oriented along yaxis to match Matlab behavior\n",
    "#        subarray 1:  x    x   x   -\n",
    "#        subarray 2:  -    x   x   x\n",
    "pa = IsotropicArray([-1.5 -0.5 0.5 1.5])\n",
    "Δ = mean(pa.r[:,2:end], dims=2)-mean(pa.r[:,1:end-1], dims=2)\n",
    "\n",
    "Θ = deg2rad.([10, 80])\n",
    "d = length(Θ)\n",
    "\n",
    "A = steer(pa, fc, Θ')\n",
    "\n",
    "# uncorrelated unconditional/stochastic signals\n",
    "Rss = [1 0; 0 1]\n",
    "N = Int(8e3)\n",
    "s = unconditional_signals(Rss, N)\n",
    "n = (0.1/sqrt(2))*(randn(length(pa), N) + 1im*randn(length(pa), N))\n",
    "x = A*s + n\n",
    "Z = [x[1:3,:]; x[2:4,:]]\n",
    "Rzz = 1/size(Z, 2) * Z*Z'\n",
    "\n",
    "println(\"Uncorrelated Unconditional Signals Covariance\")\n",
    "println(x*x'/N)\n",
    "println(\"\")\n",
    "\n",
    "println(\"Uncorrelated Unconditional Signals DOA Estimate\")\n",
    "Θest = esprit(Rzz, Δ, d, fc)\n",
    "println(rad2deg.(Θest))\n",
    "println(\"\")\n",
    "\n",
    "# partly correlated unconditional/stochastic signals\n",
    "Rss = [1 0.8; 0.8 1]\n",
    "N = Int(8e3)\n",
    "s = unconditional_signals(Rss, N)\n",
    "n = (0.1/sqrt(2))*(randn(length(pa), N) + 1im*randn(length(pa), N))\n",
    "x = A*s + n\n",
    "Z = [x[1:3,:]; x[2:4,:]]\n",
    "Rzz = 1/size(Z)[2] * Z*Z'\n",
    "\n",
    "println(\"Partly Correlated Unconditional Signals Covariance\")\n",
    "println(x*x'/N)\n",
    "println(\"\")\n",
    "\n",
    "println(\"Partly Correlated Unconditional Signals DOA Estimate\")\n",
    "Θest = esprit(Rzz, Δ, d, fc)\n",
    "println(rad2deg.(Θest))\n",
    "println(\"\")\n",
    "\n",
    "\n",
    "# fully correlated unconditional/stochastic signals\n",
    "Rss = [1 1; 1 1]\n",
    "N = Int(8e3)\n",
    "s = unconditional_signals(Rss, N)\n",
    "n = (0.1/sqrt(2))*(randn(length(pa), N) + 1im*randn(length(pa), N))\n",
    "x = A*s + n\n",
    "Z = [x[1:3,:]; x[2:4,:]]\n",
    "Rzz = 1/size(Z)[2] * Z*Z'\n",
    "\n",
    "println(\"Fully Correlated Unconditional Signals Covariance\")\n",
    "println(x*x'/N)\n",
    "println(\"\")\n",
    "\n",
    "println(\"Fully Correlated Unconditional Signals DOA Estimate\")\n",
    "Θest = esprit(Rzz, Δ, d, fc)\n",
    "println(rad2deg.(Θest))\n",
    "println(\"\")\n",
    "\n",
    "# conditional/deterministic signals\n",
    "fs = 8e3\n",
    "t = transpose(0:1/fs:1)\n",
    "s1 = sin.(2π*t*300)\n",
    "s2 = cos.(2π*t*400)\n",
    "s = [s1; s2]\n",
    "n = (0.1/sqrt(2))*(randn(length(pa), length(t)) + 1im*randn(length(pa), length(t)))\n",
    "x = A*s + n\n",
    "Z = [x[1:3,:]; x[2:4,:]]\n",
    "Rzz = 1/size(Z)[2] * Z*Z'\n",
    "\n",
    "println(\"Conditional Signals Covariance\")\n",
    "println(x*x'/N)\n",
    "println(\"\")\n",
    "\n",
    "println(\"Conditional Signals DOA Estimate\")\n",
    "Θest = esprit(Rzz, Δ, d, fc)\n",
    "println(rad2deg.(Θest))\n",
    "println(\"\")"
   ]
  }
 ],
 "metadata": {
  "kernelspec": {
   "display_name": "Julia 1.11.5",
   "language": "julia",
   "name": "julia-1.11"
  },
  "language_info": {
   "file_extension": ".jl",
   "mimetype": "application/julia",
   "name": "julia",
   "version": "1.11.5"
  }
 },
 "nbformat": 4,
 "nbformat_minor": 5
}
